0 0.669531 0.701189 0.043750 0.159468 0.8311
0 0.204102 0.738711 0.076172 0.276723 0.8267
0 0.086963 0.696499 0.059668 0.159468 0.8228
0 0.591406 0.716432 0.045312 0.211060 0.8105
0 0.536719 0.712328 0.050000 0.201680 0.8081
0 0.440234 0.697671 0.057031 0.191127 0.7637
0 0.166504 0.716432 0.046094 0.180574 0.7241
0 0.269727 0.688877 0.038672 0.140707 0.6621
0 0.507422 0.732848 0.025781 0.133671 0.6460
0 0.739844 0.667185 0.024219 0.089114 0.6323
0 0.717969 0.647251 0.017969 0.065663 0.6250
0 0.243750 0.665426 0.017188 0.077389 0.5205
0 0.425000 0.700016 0.032813 0.164158 0.4668
0 0.628125 0.668357 0.019531 0.090287 0.4600
26 0.278516 0.726985 0.023438 0.052765 0.4016
0 0.701172 0.648424 0.014844 0.063318 0.3630
0 0.498047 0.654287 0.017188 0.056283 0.2576